27.760000
28.080000
28.780001
29.670000
29.580000
29.059999
28.610001
28.100000
28.360001
28.590000
28.469999
27.969999
28.030001
28.200001
28.780001
29.360001
29.790001
29.190001
28.459999
28.400000
28.559999
28.690001
28.219999
27.770000
27.790001
28.160000
28.740000
29.160000
29.900000
29.129999
28.320000
27.900000
28.120001
28.170000
28.160000
27.820000
27.780001
28.080000
28.820000
29.450001
29.480000
28.670000
28.110001
27.920000
27.959999
27.940001
27.450001
27.469999
27.430000
27.580000
28.430000
29.110001
29.180000
28.670000
28.160000
28.209999
28.320000
28.430000
28.059999
27.780001
27.290001
27.980000
29.020000
29.600000
29.490000
28.840000
28.260000
27.860001
27.980000
28.129999
28.030001
27.879999
27.600000
28.000000
28.610001
29.469999
29.350000
28.910000
28.809999
28.440001
28.830000
29.290001
28.860001
28.490000
28.400000
28.629999
29.559999
30.120001
29.870001
29.510000
28.940001
28.549999
28.620001
28.620001
28.250000
27.950001
27.879999
28.160000
28.680000
29.450001
29.500000
28.889999
28.309999
27.780001
27.969999
27.799999
27.670000
27.230000
27.150000
27.639999
28.680000
29.330000
29.360001
28.790001
27.830000
27.920000
27.860001
28.000000
27.910000
27.639999
27.530001
27.879999
28.510000
29.420000
29.360001
28.670000
28.180000
28.340000
28.360001
28.360001
27.940001
27.400000
27.700001
27.969999
28.670000
29.510000
29.500000
28.469999
28.020000
27.700001
28.110001
28.129999
27.730000
27.379999
27.180000
27.760000
28.450001
29.200001
29.360001
28.969999
28.139999
28.150000
28.219999
28.090000
27.959999
27.219999
27.219999
27.610001
28.290001
29.219999
29.680000
28.670000
28.139999
28.090000
28.250000
28.290001
27.920000
27.559999
27.459999
27.620001
28.620001
29.030001
29.280001
28.670000
28.299999
28.040001
28.440001
28.440001
28.250000
28.100000
27.650000
27.709999
28.709999
29.280001
29.389999
28.600000
28.090000
27.770000
27.980000
27.910000
27.690001
27.260000
27.190001
27.500000
28.180000
28.750000
28.850000
28.370001
27.940001
27.730000
27.709999
27.750000
27.690001
27.510000
27.330000
28.030001
28.670000
29.240000
29.100000
28.639999
28.030001
28.020000
28.280001
28.590000
28.430000
28.100000
27.670000
28.110001
28.799999
29.160000
29.309999
28.809999
28.070000
27.650000
27.840000
27.940001
27.650000
27.510000
27.330000
27.680000
28.500000
29.170000
29.209999
28.180000
27.600000
27.430000
27.650000
27.660000
27.709999
27.600000
27.709999
27.870001
28.610001
29.309999
29.540001
28.740000
27.969999
27.790001
28.049999
28.139999
27.930000
27.809999
27.400000
27.770000
28.389999
28.969999
29.500000
28.920000
27.830000
27.709999
27.709999
27.730000
27.549999
27.320000
27.170000
27.660000
28.219999
28.889999
28.580000
28.059999
27.620001
27.590000
27.750000
27.910000
27.410000
27.070000
27.180000
27.340000
28.090000
29.030001
29.040001
28.340000
27.750000
27.520000
27.840000
27.950001
27.780001
27.299999
27.139999
27.629999
28.570000
29.180000
29.150000
28.400000
27.760000
27.889999
28.110001
28.350000
28.120001
27.680000
27.350000
27.559999
28.510000
29.200001
29.280001
28.750000
27.990000
27.879999
28.209999
28.219999
28.170000
27.990000
27.809999
28.110001
28.660000
29.350000
29.520000
28.700001
28.330000
28.379999
28.440001
28.440001
27.910000
27.610001
27.370001
27.790001
28.469999
29.110001
29.180000
28.510000
27.870001
27.530001
27.940001
28.100000
27.910000
27.330000
26.850000
27.309999
28.240000
28.790001
28.809999
28.150000
27.530001
27.559999
27.459999
27.629999
27.480000
27.410000
27.450001
28.120001
28.910000
29.520000
29.500000
28.799999
27.850000
27.690001
27.709999
27.910000
27.950001
27.850000
27.719999
27.850000
28.559999
29.350000
29.250000
28.280001
27.549999
27.450001
27.600000
27.730000
27.650000
27.379999
27.100000
27.110001
28.160000
29.129999
29.370001
28.590000
28.250000
28.209999
28.400000
28.350000
28.020000
27.660000
27.389999
27.740000
28.350000
29.110001
29.200001
28.510000
27.940001
27.799999
27.680000
27.709999
27.540001
27.200001
27.129999
27.660000
28.530001
29.150000
28.940001
28.340000
27.600000
27.330000
27.690001
27.980000
27.870001
27.360001
27.299999
27.639999
28.219999
28.850000
28.799999
28.360001
27.830000
27.750000
27.860001
27.950001
28.059999
27.639999
27.540001
28.260000
28.709999
29.190001
29.160000
28.530001
27.900000
27.570000
27.469999
27.600000
27.520000
27.450001
27.290001
27.459999
28.219999
29.299999
29.120001
28.400000
27.719999
27.580000
28.160000
28.360001
28.129999
27.750000
27.370001
27.530001
28.080000
28.860001
28.980000
28.450001
27.770000
27.600000
27.790001
28.059999
27.959999
27.450001
27.410000
27.809999
28.540001
29.100000
29.120001
28.180000
27.459999
27.469999
27.770000
27.570000
27.520000
27.459999
27.360001
27.549999
28.350000
28.900000
28.980000
28.049999
27.600000
27.520000
27.389999
27.580000
27.270000
27.180000
27.270000
27.490000
28.240000
28.799999
28.750000
28.040001
27.430000
27.520000
27.860001
27.920000
28.059999
27.549999
27.400000
27.980000
28.620001
29.370001
29.230000
28.740000
27.830000
27.639999
27.850000
28.040001
27.700001
27.430000
27.330000
27.920000
28.430000
29.290001
29.240000
28.430000
27.840000
27.580000
27.930000
28.100000
27.940001
27.600000
27.400000
27.900000
28.580000
29.170000
29.309999
28.889999
28.129999
27.910000
28.190001
28.309999
28.139999
27.780001
27.520000
27.889999
28.580000
29.590000
29.510000
28.900000
28.000000
27.850000
28.209999
28.410000
28.230000
27.799999
27.719999
27.750000
28.530001
29.260000
29.160000
28.280001
27.830000
27.549999
27.709999
27.559999
27.370001
27.020000
27.209999
27.490000
28.320000
29.000000
28.799999
28.540001
28.180000
27.790001
28.190001
27.870001
27.320000
27.360001
27.260000
27.629999
28.379999
28.709999
28.760000
28.320000
27.870001
27.620001
27.959999
28.270000
28.350000
28.129999
27.820000
28.330000
28.959999
29.459999
29.379999
28.520000
28.070000
27.950001
28.070000
28.139999
27.790001
27.520000
27.629999
27.930000
28.559999
29.180000
29.030001
28.299999
27.549999
27.420000
27.750000
28.010000
27.980000
27.410000
27.250000
27.600000
28.459999
29.129999
28.980000
28.400000
28.000000
27.719999
28.040001
28.070000
27.760000
27.629999
27.379999
27.879999
28.530001
29.000000
29.000000
28.530001
27.920000
27.930000
27.920000
28.100000
27.940001
27.580000
27.510000
27.980000
28.650000
29.500000
29.299999
28.450001
27.920000
28.010000
28.129999
28.129999
27.959999
27.670000
27.520000
28.190001
28.770000
29.440001
29.059999
28.540001
28.110001
28.049999
28.160000
28.230000
27.969999
27.650000
27.260000
27.379999
28.309999
29.299999
29.450001
28.930000
28.330000
28.219999
28.420000
28.530001
28.299999
27.900000
27.700001
28.139999
29.129999
29.660000
29.770000
29.190001
28.500000
28.260000
28.629999
28.600000
28.120001
27.690001
27.510000
27.990000
28.580000
29.290001
29.260000
28.510000
27.920000
27.910000
27.980000
28.080000
28.090000
28.030001
28.200001
28.459999
28.840000
29.389999
29.590000
28.850000
28.059999
27.990000
27.940001
27.950001
28.000000
27.590000
27.559999
28.010000
28.639999
29.469999
29.350000
28.670000
28.290001
27.940001
28.230000
28.260000
28.200001
27.950001
27.680000
28.020000
28.850000
29.680000
29.280001
28.690001
28.209999
28.030001
28.020000
28.059999
28.010000
27.950001
27.790001
28.379999
29.049999
29.830000
29.809999
28.920000
28.450001
28.200001
28.440001
28.600000
28.340000
27.930000
27.629999
27.799999
28.690001
29.469999
29.379999
28.660000
28.030001
28.070000
28.180000
28.209999
28.020000
27.660000
27.570000
28.120001
28.950001
29.299999
29.459999
28.660000
28.170000
27.900000
27.959999
27.969999
27.840000
27.540001
27.120001
27.540001
28.490000
29.090000
29.000000
28.740000
28.139999
28.330000
28.200001
27.889999
27.850000
27.770000
27.680000
28.209999
28.740000
29.459999
29.680000
28.969999
28.219999
28.260000
28.320000
28.330000
28.379999
28.139999
27.910000
28.129999
28.780001
29.490000
29.570000
28.750000
28.150000
28.190001
28.490000
28.500000
28.450001
28.010000
27.700001
28.299999
28.920000
29.639999
29.650000
28.879999
28.280001
28.230000
28.410000
28.549999
28.440001
27.889999
27.790001
28.209999
28.730000
29.379999
29.360001
28.530001
27.920000
27.889999
28.010000
28.190001
28.049999
27.740000
27.760000
28.209999
28.870001
29.440001
29.330000
28.700001
28.219999
28.010000
28.040001
28.240000
28.139999
27.740000
27.620001
28.150000
28.830000
29.700001
29.700001
28.940001
28.410000
28.200001
28.520000
28.629999
28.340000
28.170000
28.250000
28.450001
29.299999
29.879999
29.600000
29.070000
28.830000
28.950001
28.799999
28.820000
28.870001
28.430000
28.309999
28.850000
29.389999
29.959999
30.020000
29.110001
28.299999
28.139999
28.129999
28.330000
28.209999
27.879999
27.590000
27.750000
28.370001
29.080000
29.170000
28.549999
27.980000
27.950001
28.240000
28.379999
28.219999
27.840000
27.610001
28.129999
28.930000
29.820000
29.879999
29.020000
28.559999
28.430000
28.760000
28.790001
28.670000
28.270000
28.110001
28.260000
28.680000
29.160000
29.389999
28.959999
28.280001
28.240000
28.290001
28.360001
28.250000
27.830000
27.930000
28.260000
28.910000
29.650000
29.620001
28.680000
28.209999
28.049999
28.010000
28.180000
28.230000
27.850000
27.900000
28.110001
28.870001
29.670000
29.910000
29.059999
28.150000
27.860001
27.969999
28.000000
28.010000
27.570000
27.490000
27.980000
28.629999
29.250000
29.440001
28.780001
28.160000
28.129999
28.120001
28.450001
28.059999
27.760000
27.590000
27.900000
28.629999
29.430000
29.370001
28.809999
28.459999
28.209999
28.280001
28.340000
27.950001
27.459999
27.530001
27.860001
28.629999
29.320000
29.410000
28.570000
28.180000
27.950001
27.830000
28.030001
27.969999
27.639999
27.500000
27.950001
28.760000
29.139999
29.209999
28.530001
28.129999
28.139999
28.530001
28.650000
28.500000
28.090000
27.799999
28.260000
29.040001
29.770000
29.629999
28.650000
28.219999
27.930000
28.160000
28.080000
27.950001
27.760000
27.490000
27.940001
28.950001
29.750000
29.920000
28.940001
28.230000
28.049999
28.120001
28.209999
28.379999
27.940001
27.690001
28.230000
29.010000
29.629999
29.400000
28.530001
27.900000
27.879999
27.980000
27.930000
27.770000
27.480000
27.639999
27.780001
28.520000
29.320000
28.879999
28.309999
27.969999
28.010000
28.020000
27.930000
27.780001
27.510000
27.540001
28.090000
28.730000
29.370001
28.850000
28.290001
27.760000
27.879999
28.170000
28.070000
28.209999
27.719999
27.620001
27.950001
28.930000
29.870001
30.030001
29.030001
28.260000
27.959999
28.120001
28.480000
28.459999
28.100000
28.059999
28.280001
28.990000
29.740000
29.500000
28.860001
28.389999
28.290001
28.330000
28.280001
28.120001
28.100000
28.010000
28.200001
28.840000
29.420000
29.660000
28.830000
28.030001
27.990000
28.350000
28.620001
28.370001
27.990000
27.660000
28.049999
28.790001
29.580000
29.400000
28.600000
28.110001
28.090000
28.219999
28.080000
27.760000
27.780001
27.940001
28.430000
29.200001
29.670000
29.680000
29.080000
28.740000
28.610001
28.820000
28.889999
28.650000
28.260000
27.969999
28.250000
28.870001
29.709999
29.610001
29.240000
28.680000
28.639999
28.610001
28.799999
28.650000
28.100000
27.969999
28.230000
28.790001
29.670000
29.500000
28.950001
28.770000
28.530001
28.770000
28.910000
28.799999
28.370001
28.200001
28.430000
29.150000
29.860001
29.420000
28.690001
28.059999
28.020000
28.080000
28.129999
28.059999
27.780001
27.549999
28.010000
28.670000
29.520000
29.309999
28.540001
28.250000
28.170000
28.480000
28.660000
28.459999
28.090000
27.910000
28.450001
28.959999
29.549999
29.430000
29.010000
28.459999
28.320000
28.670000
28.459999
28.299999
27.889999
27.530001
27.950001
28.910000
29.629999
29.719999
29.080000
28.570000
28.309999
28.510000
28.730000
28.420000
28.250000
27.740000
28.180000
28.620001
29.400000
29.360001
29.120001
28.400000
28.230000
28.320000
28.570000
28.170000
27.969999
27.980000
28.420000
29.420000
30.139999
30.010000
29.110001
28.530001
28.299999
28.590000
29.080000
28.770000
28.299999
28.240000
28.620001
29.350000
29.910000
29.889999
28.959999
28.590000
28.520000
28.510000
28.459999
28.320000
27.950001
27.940001
28.020000
28.770000
29.820000
29.719999
28.660000
28.200001
28.150000
28.299999
28.139999
28.070000
27.920000
27.889999
28.150000
28.730000
29.639999
29.969999
29.410000
28.639999
28.610001
28.980000
29.120001
29.090000
28.650000
28.420000
28.620001
29.320000
30.110001
30.030001
29.219999
28.740000
28.650000
28.760000
28.680000
28.480000
27.950001
27.730000
27.950001
28.709999
29.600000
29.730000
29.299999
28.629999
28.389999
28.309999
28.129999
28.010000
27.840000
27.510000
28.110001
28.690001
29.650000
29.600000
28.920000
28.700001
28.180000
28.120001
28.000000
28.010000
27.629999
27.440001
28.070000
28.620001
29.590000
29.820000
29.280001
28.740000
28.379999
28.370001
28.660000
28.480000
28.049999
27.930000
28.059999
28.860001
29.660000
29.820000
29.420000
28.719999
28.639999
28.740000
28.750000
28.540001
28.260000
27.969999
28.379999
28.959999
29.840000
29.670000
28.930000
28.370001
28.270000
28.440001
28.450001
28.270000
27.820000
28.139999
28.400000
29.129999
29.910000
29.770000
29.299999
28.620001
28.299999
28.540001
28.760000
28.629999
28.250000
28.090000
28.240000
29.030001
30.010000
30.270000
29.219999
28.750000
28.540001
28.639999
28.790001
28.620001
28.190001
27.920000
28.360001
29.090000
29.940001
29.969999
29.139999
28.660000
28.490000
28.680000
28.770000
28.490000
27.940001
28.020000
28.360001
29.049999
29.959999
30.120001
29.260000
28.940001
28.650000
28.799999
29.120001
28.870001
28.250000
27.930000
28.340000
28.950001
29.690001
30.120001
29.820000
29.150000
29.000000
28.879999
28.730000
28.520000
28.070000
27.760000
27.980000
28.959999
29.600000
29.240000
28.540001
28.110001
27.980000
28.129999
28.360001
28.420000
27.959999
27.820000
28.209999
28.920000
29.840000
29.900000
28.719999
28.570000
28.299999
28.500000
28.379999
28.430000
28.090000
27.629999
28.230000
28.950001
29.750000
29.750000
28.950001
28.510000
28.400000
28.590000
28.740000
28.600000
28.209999
27.930000
28.430000
29.370001
30.090000
30.270000
29.410000
29.090000
29.090000
29.500000
29.420000
29.120001
28.600000
28.570000
28.809999
29.600000
30.340000
30.040001
29.459999
28.959999
28.889999
29.020000
29.020000
28.709999
28.330000
27.760000
28.190001
28.959999
29.500000
29.670000
28.719999
28.530001
28.320000
28.650000
28.670000
28.660000
28.450001
28.240000
28.650000
29.240000
29.980000
29.990000
29.150000
28.760000
28.490000
28.650000
28.719999
28.780001
28.379999
28.480000
28.740000
29.610001
30.510000
30.580000
29.530001
28.959999
28.580000
28.809999
28.990000
28.770000
28.410000
28.040001
28.320000
28.959999
29.750000
30.049999
29.240000
28.799999
28.420000
28.600000
28.740000
28.790001
28.090000
28.020000
28.320000
29.049999
29.940001
30.290001
29.440001
28.940001
28.580000
28.650000
28.680000
28.870001
28.500000
28.270000
28.440001
29.100000
30.070000
30.290001
29.350000
28.780001
28.889999
28.740000
29.190001
28.809999
28.270000
28.090000
28.620001
29.360001
30.049999
29.990000
29.420000
28.969999
28.799999
28.770000
28.879999
28.469999
28.330000
28.219999
28.510000
29.280001
29.879999
30.120001
29.219999
28.650000
28.410000
28.820000
28.620001
28.389999
28.190001
28.000000
28.170000
29.080000
29.900000
29.930000
29.510000
28.879999
28.840000
29.139999
29.420000
29.490000
29.150000
29.110001
29.250000
29.830000
30.299999
30.750000
29.980000
29.059999
28.850000
28.990000
28.900000
28.540001
28.280001
28.100000
28.770000
29.549999
29.860001
29.760000
29.250000
28.840000
28.790001
29.020000
28.790001
28.840000
28.469999
28.469999
28.540001
29.139999
30.150000
30.080000
29.209999
29.030001
28.830000
29.000000
28.969999
28.879999
28.430000
28.469999
28.700001
29.639999
30.360001
30.430000
29.379999
28.760000
28.690001
28.969999
28.910000
28.850000
28.650000
28.280001
28.580000
29.219999
30.030001
29.920000
29.280001
29.100000
28.889999
29.150000
29.209999
29.170000
28.920000
28.520000
29.020000
29.510000
30.549999
30.480000
29.860001
29.150000
29.000000
29.100000
29.120001
28.870001
28.510000
